> LAYER 1
[  5.92980804e-01  -4.14037146e-04   1.36786785e+00  -1.94578202e-01
   4.34467343e-01  -2.82409884e-01  -1.43530016e+00  -7.83610288e-02
  -6.14988336e-01  -1.00990072e+00  -1.40646025e+00   1.15810494e+00
  -1.37348175e+00  -7.44523530e-01  -4.70031027e-01]
spikes [ 0.  0.  1.  0.  0.  0.  0.  0.  0.  0.  0.  1.  0.  0.  0.]
> LAYER 2
[-0.1356215  -0.2022308  -0.15648801 -0.22303778  0.0286677   0.06785577
 -0.02533212 -0.04013788  0.15135778 -0.18947393  0.00647159 -0.04246888
 -0.07925961 -0.37319134 -0.20642571]
spikes [ 0.  0.  0.  0.  0.  0.  0.  0.  0.  0.  0.  0.  0.  0.  0.]
> LAYER 3
[ 0.  0.  0.  0.  0.  0.  0.  0.  0.  0.]
spikes [ 0.  0.  0.  0.  0.  0.  0.  0.  0.  0.]

> LAYER 1
[ 1.32253643  0.05173555  0.60596238  0.24984797  0.94024532 -1.0860442
 -2.93423894 -0.14653382 -1.04825209 -1.78947007 -1.92832002  1.05370636
 -2.60172154 -0.7659509  -0.70435646]
spikes [ 1.  0.  0.  0.  0.  0.  0.  0.  0.  0.  0.  1.  0.  0.  0.]
> LAYER 2
[-0.26918507 -0.57849669 -0.65828834  0.02996933 -0.46591609  0.25349669
  0.52524286 -0.50554227  0.77006128 -0.75728464  0.33960503 -0.3138827
 -0.08123182 -0.31399527 -0.08829748]
spikes [ 0.  0.  0.  0.  0.  0.  0.  0.  0.  0.  0.  0.  0.  0.  0.]
> LAYER 3
[-1.03794852 -0.5546861   0.02972604 -0.02710716  0.02970607 -0.90185375
  0.06165194  1.40941813 -0.36772659  0.08132071]
spikes [ 0.  0.  0.  0.  0.  0.  0.  1.  0.  0.]

> LAYER 1
[ 0.6049376   1.24884351  2.43688197 -0.55379663  1.4906648  -1.4492927
 -5.02358718 -0.33636092 -1.7593455  -2.40979983 -3.05869995  1.39267136
 -3.9612954  -1.44309864 -0.73352669]
spikes [ 0.  1.  1.  0.  1.  0.  0.  0.  0.  0.  0.  1.  0.  0.  0.]
> LAYER 2
[-0.69725557 -0.77536144 -0.68096081  0.22330801 -0.62237347  1.04247235
  0.07380932 -0.39036115  1.37525504 -0.84746415  0.30038149 -0.70063752
  0.12247376 -1.34243422 -0.57537666]
spikes [ 0.  0.  0.  0.  0.  1.  0.  0.  1.  0.  0.  0.  0.  0.  0.]
> LAYER 3
[-1.89795229 -1.28589427  0.73402004  0.3105061  -0.83316339 -1.19619004
 -0.05462365  1.23883686 -0.42034132 -0.48624916]
spikes [ 0.  0.  0.  0.  0.  0.  0.  1.  0.  0.]

> LAYER 1
[ 1.68158012  0.86164017  0.93165603 -0.91826451  1.06562436 -1.45929666
 -7.42696947 -0.26204685 -2.00828253 -3.06778748 -4.17701674  0.91309022
 -4.76260555 -1.7068296  -0.33840629]
spikes [ 1.  0.  0.  0.  1.  0.  0.  0.  0.  0.  0.  0.  0.  0.  0.]
> LAYER 2
[-0.63569593 -1.11953598 -1.43214863  0.59738824 -1.33455088  0.67682306
  0.88116397 -0.69366423 -0.12256863 -1.00251836  0.36999941 -1.32826648
 -0.04116323 -0.76999679 -0.73149864]
spikes [ 0.  0.  0.  0.  0.  0.  0.  0.  0.  0.  0.  0.  0.  0.  0.]
> LAYER 3
[-2.44594893 -1.65749666  0.8283355   0.37135246 -0.9302616  -2.28871416
  0.101414    0.99971317 -0.752113   -0.0280074 ]
spikes [ 0.  0.  0.  0.  0.  0.  0.  0.  0.  0.]

> LAYER 1
[ 1.08930555  1.99901005  2.64199328 -1.44765209  0.71159638 -2.03383066
 -9.81968058 -0.30863796 -2.11608513 -4.48691212 -5.46493553  2.26891206
 -6.30409702 -1.55338883 -0.41672655]
spikes [ 1.  1.  1.  0.  0.  0.  0.  0.  0.  0.  0.  1.  0.  0.  0.]
> LAYER 2
[-0.88685085 -1.42729151 -2.13637572  0.90728002 -1.77816949  1.15687794
  1.21786642 -1.76579892  0.60982834 -1.70970168  0.69602147 -1.86327728
 -0.19802545 -1.22860861 -1.36085589]
spikes [ 0.  0.  0.  0.  0.  1.  1.  0.  0.  0.  0.  0.  0.  0.  0.]
> LAYER 3
[-2.70082826 -2.08737915  0.84608131  0.57059699 -2.54102521 -2.55578854
 -0.07465162  3.10604945 -0.9104165  -0.20250759]
spikes [ 0.  0.  0.  0.  0.  0.  0.  1.  0.  0.]

> LAYER 1
[  0.40860218   0.56532043   1.38193497  -1.24944499   1.41495989
  -1.55827641 -10.80610476  -0.10672025  -2.56504945  -5.51366891
  -6.29027426   0.98683452  -7.66642306  -1.76770425  -0.61497062]
spikes [ 0.  0.  1.  0.  1.  0.  0.  0.  0.  0.  0.  0.  0.  0.  0.]
> LAYER 2
[-1.08228224 -1.69259387 -1.89387227  1.21405025 -2.19549002  0.54571842
 -0.24255291 -1.29379724  0.65769887 -2.17817536  0.70143592 -2.27823138
 -0.00595485 -1.53173314 -1.75680423]
spikes [ 0.  0.  0.  1.  0.  0.  0.  0.  0.  0.  0.  0.  0.  0.  0.]
> LAYER 3
[-3.65406202 -2.18529956  0.71964896 -0.42419098 -2.70376736 -2.86209958
 -0.21323228  1.24698508 -1.55490427  0.28843115]
spikes [ 0.  0.  0.  0.  0.  0.  0.  1.  0.  0.]

> LAYER 1
[  1.19116418   1.62949339   1.60239256  -0.72658694   1.02429819
  -1.88250799 -12.06356613   0.65033086  -3.08282284  -6.5805734
  -6.43209234   1.85214266  -8.73141863  -2.35027791  -0.71048546]
spikes [ 1.  1.  1.  0.  1.  0.  0.  0.  0.  0.  0.  1.  0.  0.  0.]
> LAYER 2
[-1.32548977 -1.99545367 -2.93194328  0.39407387 -2.53686861  2.02456705
  0.17810243 -2.3076056   0.73628567 -2.27084268  0.77664884 -3.13854358
 -0.06447108 -1.46917054 -2.34127604]
spikes [ 0.  0.  0.  0.  0.  1.  0.  0.  0.  0.  0.  0.  0.  0.  0.]
> LAYER 3
[-3.95446798 -2.48458159  0.87406955  0.42557914 -3.6594763  -2.984013
 -0.36618278  1.10596467 -2.05064333 -0.23490317]
spikes [ 0.  0.  0.  0.  0.  0.  0.  1.  0.  0.]

> LAYER 1
[  1.07866991  -0.23067744   1.20312578  -0.75317788   0.93389522
  -1.87099479 -13.15224554   0.29624716  -3.66475557  -7.27362193
  -7.34385433   0.42118232 -10.04209499  -2.13888012  -0.84017406]
spikes [ 1.  0.  1.  0.  0.  0.  0.  0.  0.  0.  0.  0.  0.  0.  0.]
> LAYER 2
[-1.3884284  -2.29264521 -3.24728537  0.63757479 -3.52306951  0.45920949
  0.23739984 -2.4452454   1.00469984 -2.77578632  1.09469274 -3.82668675
 -0.15360423 -1.20113318 -2.32238351]
spikes [ 0.  0.  0.  0.  0.  0.  0.  0.  1.  0.  1.  0.  0.  0.  0.]
> LAYER 3
[-4.86065311 -3.32752277  0.36627495  0.16616031 -3.81069219 -3.80602432
 -0.70220945  1.32264651 -2.13217211  0.46719726]
spikes [ 0.  0.  0.  0.  0.  0.  0.  1.  0.  0.]

> LAYER 1
[  0.45249001   0.62770565   1.04030193  -0.62106159   1.53415891
  -2.06542806 -14.69905324   0.52400915  -4.18651593  -8.04173264
  -7.80257322   1.17989499 -10.614221    -2.43046427  -1.14632772]
spikes [ 0.  0.  1.  0.  1.  0.  0.  0.  0.  0.  0.  1.  0.  0.  0.]
> LAYER 2
[-1.3096921  -2.69684458 -3.55550567  0.94644025 -3.31031019  0.89976413
  0.65153631 -2.56679968  0.09068788 -3.41520793  0.17006303 -4.20895362
 -0.42642744 -1.87744366 -2.95996057]
spikes [ 0.  0.  0.  0.  0.  0.  0.  0.  0.  0.  0.  0.  0.  0.  0.]
> LAYER 3
[-5.18450032 -3.52399496  0.56838304 -0.43143049 -4.17258566 -3.91074341
 -0.86473414  1.06608298 -2.49628326  0.08306281]
spikes [ 0.  0.  0.  0.  0.  0.  0.  1.  0.  0.]

> LAYER 1
[  0.5911332    0.84607728   1.37768636  -1.3346966    0.80573229
  -2.04378361 -15.25338998   0.21340367  -4.53752807  -8.559948    -8.5829987
   0.58550803 -11.58256819  -2.0976034   -0.90512715]
spikes [ 0.  0.  1.  0.  0.  0.  0.  0.  0.  0.  0.  0.  0.  0.  0.]
> LAYER 2
[-1.78895766 -2.56467218 -3.67029652  1.07893149 -3.32843379  1.17770254
  0.82619526 -2.62153815  0.28185293 -3.31000807 -0.2557722  -4.64541947
 -0.61080739 -1.96916749 -4.19967554]
spikes [ 0.  0.  0.  1.  0.  1.  0.  0.  0.  0.  0.  0.  0.  0.  0.]
> LAYER 3
[-6.11812309 -3.864457    0.65028315  0.12464181 -5.00453448 -3.3257163
 -0.67905077  0.68227818 -3.15653145  0.44888499]
spikes [ 0.  0.  0.  0.  0.  0.  0.  0.  0.  0.]

> LAYER 1
[  1.21693817   1.74982749   1.01166518  -1.64309347   1.006061
  -2.38006237 -16.14242468   0.02767791  -4.91117631  -9.26878681
  -9.05204229   1.6032719  -12.55698718  -2.5263553   -1.34173155]
spikes [ 1.  1.  1.  0.  1.  0.  0.  0.  0.  0.  0.  1.  0.  0.  0.]
> LAYER 2
[-1.71432402 -3.53257983 -4.36762743  0.27952944 -3.6229875   0.6795689
  1.13947964 -3.05092627  0.45506546 -3.93316955  0.25264427 -5.01734642
 -0.40795885 -2.42145709 -4.15443923]
spikes [ 0.  0.  0.  0.  0.  0.  1.  0.  0.  0.  0.  0.  0.  0.  0.]
> LAYER 3
[-6.85273293 -4.279805    0.87117227 -0.39333044 -5.37549251 -4.10474533
 -1.08475807  2.09578099 -3.79799777  0.48188599]
spikes [ 0.  0.  0.  0.  0.  0.  0.  1.  0.  0.]

> LAYER 1
[  0.73206563   0.39243633   0.70812029  -1.11378653   0.60213182
  -2.1997673  -17.52522878   0.05113332  -5.07341608 -10.47629576
  -9.23208394   0.38254126 -13.79486025  -2.64942286  -1.48355434]
spikes [ 0.  0.  0.  0.  0.  0.  0.  0.  0.  0.  0.  0.  0.  0.  0.]
> LAYER 2
[-1.85494034 -3.49952906 -4.4603018   0.42406565 -4.22683374  0.75209821
 -0.32152574 -3.03883883  0.9406325  -3.90162239  0.19337752 -5.12208045
 -0.73250237 -2.45110973 -4.45814128]
spikes [ 0.  0.  0.  0.  0.  0.  0.  0.  0.  0.  0.  0.  0.  0.  0.]
> LAYER 3
[-6.95870648 -4.48141394  0.63885461 -0.34044607 -5.57791066 -4.22255118
 -1.18064919  0.62559346 -4.23011515  0.75633449]
spikes [ 0.  0.  0.  0.  0.  0.  0.  0.  0.  0.]

> LAYER 1
[  1.57251292   0.9583351    2.21226676  -1.32374299   1.17986047
  -2.04848148 -18.13981998  -0.02960069  -5.46215228 -11.78676981
 -10.32522169   1.67515088 -14.64136943  -2.2373436   -1.9012243 ]
spikes [ 1.  0.  1.  0.  1.  0.  0.  0.  0.  0.  0.  1.  0.  0.  0.]
> LAYER 2
[-1.81973033 -4.07998623 -4.78825937  0.90012327 -3.95912467  1.68829234
  0.20843529 -3.20445462  0.94364826 -4.12559402  0.32126833 -5.78001307
 -0.58253142 -2.81999529 -4.74312668]
spikes [ 0.  0.  0.  0.  0.  1.  0.  0.  0.  0.  0.  0.  0.  0.  0.]
> LAYER 3
[-7.28139751 -4.87517499  0.50518607  0.20343092 -6.10536148 -4.83422002
 -1.30297716  1.9803006  -4.58271941  0.99227369]
spikes [ 0.  0.  0.  0.  0.  0.  0.  1.  0.  0.]

> LAYER 1
[  0.11611648   1.26559913   1.26268528  -2.25237634   0.42698819
  -2.64358378 -19.10958495  -0.26666031  -6.06484544 -13.02197836
 -11.41190394   1.46023856 -15.57167359  -2.37728644  -2.17895798]
spikes [ 0.  1.  1.  0.  0.  0.  0.  0.  0.  0.  0.  1.  0.  0.  0.]
> LAYER 2
[-2.04341866 -4.02948321 -5.14667703  0.99419374 -3.88525041  0.58604136
  0.39481478 -3.42881274  1.74698235 -4.55398433  0.59469343 -5.84260263
 -0.82797647 -3.66547508 -5.82215797]
spikes [ 0.  0.  0.  0.  0.  0.  0.  0.  1.  0.  0.  0.  0.  0.  0.]
> LAYER 3
[-7.930475   -5.27552086  1.04664734  0.17969358 -6.68793916 -5.65379164
 -1.32784568  1.63019467 -4.70030452  0.0967627 ]
spikes [ 0.  0.  1.  0.  0.  0.  0.  1.  0.  0.]

> LAYER 1
[  1.1044515    0.58764205   1.37079689  -2.49178975   0.71079151
  -3.28679451 -20.21824415   0.17148202  -6.02969482 -13.63692009
 -12.49367126   1.25560628 -16.38712959  -2.4656249   -2.45102014]
spikes [ 1.  0.  1.  0.  0.  0.  0.  0.  0.  0.  0.  1.  0.  0.  0.]
> LAYER 2
[-2.13288803 -4.52130257 -5.69420459  1.58139458 -4.04287254  1.43543611
  0.64042079 -4.17604864 -0.01107736 -5.32545259  0.50296523 -6.4090287
 -1.24575163 -3.62983673 -5.85675768]
spikes [ 0.  0.  0.  1.  0.  1.  0.  0.  0.  0.  0.  0.  0.  0.  0.]
> LAYER 3
[-8.34229849 -5.58592713  0.12926585 -0.37031917 -7.1787785  -5.6272716
 -1.40332822  0.50471905 -4.92845628  0.95922156]
spikes [ 0.  0.  0.  0.  0.  0.  0.  0.  0.  0.]

> LAYER 1
[  0.34673331   1.14288384   1.57980056  -3.29033086   1.63101479
  -3.66300919 -22.02028861  -0.39349182  -6.82853498 -14.26444481
 -14.4866015    1.11694809 -17.56968659  -2.99305766  -2.05995768]
spikes [ 0.  1.  1.  0.  1.  0.  0.  0.  0.  0.  0.  1.  0.  0.  0.]
> LAYER 2
[-2.16666581 -4.6429957  -6.56977558 -0.11861609 -4.51999817  0.97198927
  1.4721712  -4.43504363  0.99018079 -5.40730724  1.07021014 -7.05264493
 -1.30871429 -3.77356098 -6.43193715]
spikes [ 0.  0.  0.  0.  0.  0.  1.  0.  0.  0.  1.  0.  0.  0.  0.]
> LAYER 3
[-9.59052461 -6.94049057 -0.10609842 -0.27908135 -7.44129868 -6.62528273
 -1.99745337  2.59330774 -5.88114144  0.48143609]
spikes [ 0.  0.  0.  0.  0.  0.  0.  1.  0.  0.]

> LAYER 1
[  0.83849548   0.62315189   0.95717683  -3.98740268   0.16310009
  -4.01254797 -23.19445729  -0.579846    -7.3100718  -14.57832522
 -15.21914706   0.6600193  -18.25959924  -2.86323684  -1.67547641]
spikes [ 0.  0.  0.  0.  0.  0.  0.  0.  0.  0.  0.  0.  0.  0.  0.]
> LAYER 2
[-2.21615357 -4.57100314 -6.31167371  0.21304084 -4.45344726  1.09493201
 -0.09758872 -4.2871184   1.12111114 -5.66910009  0.05288191 -7.02615885
 -1.37189248 -4.01260547 -6.45620459]
spikes [ 0.  0.  0.  0.  0.  1.  0.  0.  1.  0.  0.  0.  0.  0.  0.]
> LAYER 3
[-9.83729593 -6.53792698  0.2364898   0.05255699 -8.09825355 -6.09608303
 -2.04087868  0.57573284 -5.75941666  0.58989195]
spikes [ 0.  0.  0.  0.  0.  0.  0.  0.  0.  0.]

> LAYER 1
[  1.52996313   1.1183979    2.57363603  -3.98651938   1.21386156
  -4.68754942 -24.73822363  -0.3969428   -7.34097533 -15.76444145
 -16.76086221   1.71507802 -19.7021998   -2.61214902  -1.32042687]
spikes [ 1.  1.  1.  0.  1.  0.  0.  0.  0.  0.  0.  1.  0.  0.  0.]
> LAYER 2
[-2.63117112 -5.23320965 -6.82988144  0.6115927  -4.75168532  1.30338583
  0.13853957 -4.93212675  0.2270593  -5.87565303  0.04023889 -7.48587138
 -1.19032174 -4.83664234 -6.81057154]
spikes [ 0.  0.  0.  0.  0.  1.  0.  0.  0.  0.  0.  0.  0.  0.  0.]
> LAYER 3
[-10.34722182  -7.21004933   0.86001067   0.46901598  -8.86119411
  -7.38829058  -1.86635861   2.08792124  -5.40122182   1.16591007]
spikes [ 0.  0.  0.  0.  0.  0.  0.  1.  0.  1.]

> LAYER 1
[  0.23332112   0.48450413   0.65810873  -4.1293841    0.56208786
  -4.93603155 -25.85502592  -0.39856675  -7.8274662  -16.5711254
 -17.55034597   0.68872667 -20.52290358  -2.61080524  -1.23823086]
spikes [ 0.  0.  0.  0.  0.  0.  0.  0.  0.  0.  0.  0.  0.  0.  0.]
> LAYER 2
[-2.31289041 -5.19295897 -7.20355734  0.74776038 -4.80123681 -0.04661458
  0.12473438 -5.02591007  0.69840075 -5.90280879  0.08422831 -7.61027805
 -1.63656465 -4.62460703 -7.31242925]
spikes [ 0.  0.  0.  0.  0.  0.  0.  0.  0.  0.  0.  0.  0.  0.  0.]
> LAYER 3
[-10.58118155  -7.49259725   1.0159176    0.34008466  -8.76432935
  -7.5045984   -1.8631389    0.19062337  -5.4705542    0.08544663]
spikes [ 0.  0.  1.  0.  0.  0.  0.  0.  0.  0.]

> LAYER 1
[  0.9274041    1.3142115    2.50151509  -4.23912714   1.27035496
  -5.17079453 -27.78886837  -0.21511601  -8.24789045 -17.51065393
 -18.74805717   1.78066141 -21.51419529  -2.29423261  -1.53506953]
spikes [ 0.  1.  1.  0.  1.  0.  0.  0.  0.  0.  0.  1.  0.  0.  0.]
> LAYER 2
[-2.04773305 -5.6067807  -7.84499     1.05001648 -5.20072873  1.06646391
  0.92767159 -5.5618905   1.32819228 -6.52770694  0.53519758 -8.11361509
 -1.9841549  -4.87997033 -8.23192669]
spikes [ 0.  0.  0.  1.  0.  1.  0.  0.  1.  0.  0.  0.  0.  0.  0.]
> LAYER 3
[ -1.20978502e+01  -7.41259723e+00  -2.80072443e-01  -2.64783192e-01
  -9.82226158e+00  -7.52141609e+00  -1.68858965e+00   2.21352564e+00
  -5.88019107e+00  -9.51239374e-03]
spikes [ 0.  0.  0.  0.  0.  0.  0.  1.  0.  0.]

> LAYER 1
[  1.6022059    0.76125538   1.5132356   -4.35344369   0.96192656
  -5.54233107 -29.35848646   0.3998386   -8.66077968 -18.59876555
 -19.86509698   1.35131114 -22.94072438  -2.40187573  -1.4818377 ]
spikes [ 1.  0.  1.  0.  0.  0.  0.  0.  0.  0.  0.  1.  0.  0.  0.]
> LAYER 2
[-2.34719318 -6.1980561  -8.39636431  0.15991545 -5.11068041  0.10305012
  0.93444353 -5.71513541  0.14743344 -6.88149411  0.32462368 -8.39211268
 -2.02854703 -5.50860212 -8.7097123 ]
spikes [ 0.  0.  0.  0.  0.  0.  0.  0.  0.  0.  0.  0.  0.  0.  0.]
> LAYER 3
[-12.46471161  -8.39551144   0.5238498   -0.17933574 -10.08548337
  -8.03570213  -2.13872965   0.65966721  -5.93641032  -0.43552142]
spikes [ 0.  0.  0.  0.  0.  0.  0.  0.  0.  0.]

> LAYER 1
[  0.60878312   1.17511245   1.13026266  -5.01868046   1.44035825
  -6.32497982 -30.83324038   0.05561464  -9.5816048  -19.05974824
 -21.00823816   0.56289075 -23.75723271  -2.39736297  -1.71609336]
spikes [ 0.  1.  1.  0.  1.  0.  0.  0.  0.  0.  0.  0.  0.  0.  0.]
> LAYER 2
[-2.42544127 -6.05727789 -8.78004151  0.53105418 -5.67286732  0.92869187
  1.02129665 -6.24146583  1.42485941 -7.17874812  0.77399917 -8.84500318
 -2.02373038 -5.80740995 -8.8814198 ]
spikes [ 0.  0.  0.  0.  0.  0.  1.  0.  1.  0.  0.  0.  0.  0.  0.]
> LAYER 3
[-13.31052148  -8.78380371   0.25981546  -0.30147518 -10.51267065
  -8.63576099  -2.53838186   2.38625637  -6.42744944  -0.54458606]
spikes [ 0.  0.  0.  0.  0.  0.  0.  1.  0.  0.]

> LAYER 1
[  0.74122737   0.7598838    1.24075709  -6.03712204   0.80739641
  -7.05239012 -31.9480832    0.14558001  -9.72752586 -19.99874727
 -21.99878899   1.71101806 -24.88317513  -2.55547836  -1.72488628]
spikes [ 0.  0.  1.  0.  0.  0.  0.  0.  0.  0.  0.  1.  0.  0.  0.]
> LAYER 2
[-2.16778984 -5.95380759 -8.9852247   0.40834579 -5.26863951  1.49891916
  0.4359473  -6.28876223  0.14745073 -6.98124296  1.07413246 -9.38162988
 -2.51101253 -5.90927329 -9.44910552]
spikes [ 0.  0.  0.  0.  0.  1.  0.  0.  0.  0.  1.  0.  0.  0.  0.]
> LAYER 3
[-13.53837184  -9.02832343  -0.06824083   0.61150021 -11.30076775
  -8.37554238  -2.73668153   0.89066831  -6.73364596  -0.26288775]
spikes [ 0.  0.  0.  0.  0.  0.  0.  0.  0.  0.]

> LAYER 1
[  1.40409585   1.85490233   1.88034672  -6.38563842   1.95017692
  -7.10719156 -33.43974753   0.09042356 -10.01424638 -20.61637655
 -23.07187864   0.99881578 -26.14388027  -3.15681249  -2.02807282]
spikes [ 1.  1.  1.  0.  1.  0.  0.  0.  0.  0.  0.  0.  0.  0.  0.]
> LAYER 2
[ -2.78784334  -6.26730734  -9.51233741   0.88712761  -5.38277452
   0.78021626   1.08335662  -6.85912138   0.3432075   -7.20225766
   0.34150263 -10.02462499  -2.38076008  -6.47818964 -10.07682025]
spikes [ 0.  0.  0.  0.  0.  0.  1.  0.  0.  0.  0.  0.  0.  0.  0.]
> LAYER 3
[-13.75758991  -8.87474693  -0.18573984   0.03327254 -11.73965503
  -8.60917469  -2.89383712   1.82433446  -7.54853764  -0.27609477]
spikes [ 0.  0.  0.  0.  0.  0.  0.  1.  0.  0.]

> LAYER 1
[  0.73106688   0.13134783   0.80396385  -6.30894241   0.89096322
  -7.32838918 -35.36140191   0.48827832 -10.23286644 -21.95859331
 -23.39566074   1.89822487 -27.60517721  -2.94595856  -2.00381505]
spikes [ 0.  0.  0.  0.  0.  0.  0.  0.  0.  0.  0.  1.  0.  0.  0.]
> LAYER 2
[ -2.25737936  -6.74751248  -9.94668115   1.22742199  -6.08472896
   1.37420393   0.21679714  -7.20685039   0.7041261   -7.90072903
   0.57664077 -10.53512279  -2.63149202  -6.27556962 -10.21785783]
spikes [ 0.  0.  0.  1.  0.  1.  0.  0.  0.  0.  0.  0.  0.  0.  0.]
> LAYER 3
[-14.78185872  -9.98113199   0.15369825   0.05553905 -12.02464686
  -9.23804557  -3.25597919   1.18421752  -8.18478961   0.37611047]
spikes [ 0.  0.  0.  0.  0.  0.  0.  1.  0.  0.]

> LAYER 1
[  1.09469187   0.75607426   2.16778524  -6.32008932   1.74720283
  -7.60361349 -37.99791902   1.16746583 -10.13326345 -23.04332307
 -24.5641777    1.33214032 -28.7589235   -2.51219356  -2.20260728]
spikes [ 1.  0.  1.  0.  1.  0.  0.  1.  0.  0.  0.  1.  0.  0.  0.]
> LAYER 2
[ -2.90951234  -7.1959684  -10.57342816   0.37381256  -6.07588937
   0.8474787    0.94607188  -7.71981906   0.51172154  -7.88852094
   0.88090496 -11.25414856  -2.61458216  -6.51751332 -10.78231861]
spikes [ 0.  0.  0.  0.  0.  0.  0.  0.  0.  0.  0.  0.  0.  0.  0.]
> LAYER 3
[-15.06241838 -10.5737644   -0.49217788   0.61120184 -12.21516681
 -10.13933786  -3.26213292   1.09353209  -8.23891495   0.53511974]
spikes [ 0.  0.  0.  0.  0.  0.  0.  1.  0.  0.]

> LAYER 1
[  0.51600336   1.89032777   1.75906844  -6.53518175   0.70787041
  -7.98690525 -38.95649482  -0.27782232 -10.02283216 -24.38991241
 -25.60948875   1.20389865 -29.45422608  -2.663091    -2.24985989]
spikes [ 0.  1.  1.  0.  0.  0.  0.  0.  0.  0.  0.  1.  0.  0.  0.]
> LAYER 2
[ -3.17132293  -7.61172991 -11.29287765   0.36094362  -6.24984598
   1.51125672   1.10014261  -8.01884634   1.28751165  -8.50449739
   0.89678116 -11.24625134  -3.22295613  -7.42365041 -11.20097987]
spikes [ 0.  0.  0.  0.  0.  1.  1.  0.  1.  0.  0.  0.  0.  0.  0.]
> LAYER 3
[-15.88128551 -11.61713996   0.61152125   0.41407694 -13.15457691
 -10.22462779  -3.64122709   1.46583478  -8.05207835   0.24250601]
spikes [ 0.  0.  0.  0.  0.  0.  0.  1.  0.  0.]

> LAYER 1
[  0.95637407   0.35759066   1.37393169  -6.78094874   1.56290591
  -8.4870485  -38.88796005  -0.34327775 -10.61473877 -24.92235313
 -26.09710395   0.41860285 -30.92434865  -2.10332149  -2.44633524]
spikes [ 0.  0.  1.  0.  1.  0.  0.  0.  0.  0.  0.  0.  0.  0.  0.]
> LAYER 2
[ -3.05903507  -7.45138    -11.40937518   1.0079513   -6.0260767
   0.87949143   0.26087827  -8.57072833   0.41128242  -8.66816927
   0.99075904 -11.65498961  -3.40048376  -7.52227557 -11.79908465]
spikes [ 0.  0.  0.  1.  0.  0.  0.  0.  0.  0.  0.  0.  0.  0.  0.]
> LAYER 3
[-16.70523861 -11.76515106   0.04463343  -0.14601209 -14.05070847
  -9.97417657  -4.00710462   1.13172776  -8.80457352   0.91266591]
spikes [ 0.  0.  0.  0.  0.  0.  0.  1.  0.  0.]

> LAYER 1
[  1.38575556   1.04536906   1.41431358  -6.66354996   0.89148491
  -8.57732328 -40.66725299  -0.2081099  -10.84309255 -25.96487547
 -26.54997784   1.2051078  -32.2606861   -1.84975749  -2.47605964]
spikes [ 1.  1.  1.  0.  0.  0.  0.  0.  0.  0.  0.  1.  0.  0.  0.]
> LAYER 2
[ -3.36323705  -8.08950716 -12.04257082   0.25065294  -6.02774607
   1.45497098   0.75735462  -9.09033645   0.83654141  -9.10399211
   1.23718247 -12.396608    -3.69234019  -8.13105698 -12.4388775 ]
spikes [ 0.  0.  0.  0.  0.  1.  0.  0.  0.  0.  1.  0.  0.  0.  0.]
> LAYER 3
[-17.34295311 -11.93998358   0.30394929   0.09713775 -14.55809295
 -10.94194375  -4.24844611   1.63493242  -8.91484373   0.64694765]
spikes [ 0.  0.  0.  0.  0.  0.  0.  1.  0.  0.]

> LAYER 1
[  6.41270393e-01   1.79165248e-02   8.55450012e-01  -7.26775565e+00
   1.62703560e+00  -9.00165828e+00  -4.22782300e+01  -4.13452192e-01
  -1.09996988e+01  -2.66364828e+01  -2.73432411e+01   1.04921314e+00
  -3.36335451e+01  -2.46140374e+00  -2.36424576e+00]
spikes [ 0.  0.  0.  0.  1.  0.  0.  0.  0.  0.  0.  1.  0.  0.  0.]
> LAYER 2
[ -2.7625537   -8.43473844 -12.50318956   0.25906195  -6.10475512
   0.30239198   1.55643745  -9.51537182   1.16295828  -9.44211361
   0.70058011 -12.58643364  -3.62533988  -7.87757512 -12.16170581]
spikes [ 0.  0.  0.  0.  0.  0.  1.  0.  1.  0.  0.  0.  0.  0.  0.]
> LAYER 3
[-17.81009936 -12.62086377  -0.03930179  -0.31231462 -14.853216
 -11.15052575  -4.08264447   1.12667445  -9.67786123   0.43976444]
spikes [ 0.  0.  0.  0.  0.  0.  0.  1.  0.  0.]

> LAYER 1
[  1.82090509   0.94400877   2.10098312  -6.90267863   1.23911771
  -9.91938257 -44.67460916  -0.06712674 -11.42500452 -27.56894244
 -28.24710633   0.57070144 -35.55182282  -1.47897197  -1.81519933]
spikes [ 1.  0.  1.  0.  1.  0.  0.  0.  0.  0.  0.  0.  0.  0.  0.]
> LAYER 2
[ -3.33745373  -8.52429075 -12.98972319   0.58708787  -6.65203777
   1.09140259   0.44932867  -9.78756184   0.1641483   -9.15816072
   0.67622015 -13.48765234  -3.33056982  -7.81959313 -12.6516655 ]
spikes [ 0.  0.  0.  0.  0.  1.  0.  0.  0.  0.  0.  0.  0.  0.  0.]
> LAYER 3
[-18.4603551  -13.21703501   0.24636974  -0.32005512 -16.0294558
 -11.63974964  -3.87289137   2.03776597 -10.28815618   0.41383309]
spikes [ 0.  0.  0.  0.  0.  0.  0.  1.  0.  0.]

> LAYER 1
[  0.16707915   1.37111859   2.01185484  -8.11043691   0.43859176
 -10.18269064 -45.55218968  -0.23569305 -11.92432913 -28.61925807
 -29.62985178   1.86751625 -36.29663154  -1.39107034  -2.01515496]
spikes [ 0.  1.  1.  0.  0.  0.  0.  0.  0.  0.  0.  1.  0.  0.  0.]
> LAYER 2
[ -3.57250493  -8.39622538 -13.51464454   0.6029217   -6.17882189
   0.52714073   0.75664816 -10.28227987   0.91339834  -9.80294544
   1.03600852 -13.47150868  -3.60801599  -8.90320186 -13.34377872]
spikes [ 0.  0.  0.  0.  0.  0.  0.  0.  0.  0.  1.  0.  0.  0.  0.]
> LAYER 3
[-18.92211796 -13.97088146   0.53344724   0.04234496 -16.12775526
 -12.14440009  -4.14762426   1.11129918 -10.72846247   0.07199679]
spikes [ 0.  0.  0.  0.  0.  0.  0.  1.  0.  0.]

> LAYER 1
[  0.10134673   0.56823598   0.83957214  -8.07684666   0.90588337
 -10.73344597 -46.62595414  -0.11153492 -12.43124446 -30.07160463
 -30.25679739   0.82170928 -37.44186078  -0.99509444  -1.77654284]
spikes [ 0.  0.  0.  0.  0.  0.  0.  0.  0.  0.  0.  0.  0.  0.  0.]
> LAYER 2
[ -3.45531001  -8.55987998 -13.93513451   0.80579663  -6.48680286
   0.83835455   0.63596052 -10.27213898   1.14951356  -9.50633919
  -0.34846389 -13.66416388  -3.98804875  -8.5231149  -13.85115877]
spikes [ 0.  0.  0.  0.  0.  0.  0.  0.  1.  0.  0.  0.  0.  0.  0.]
> LAYER 3
[-19.28814338 -14.3346367    0.48151127  -0.32439112 -16.21248814
 -11.87293882  -4.51517858   0.28570718 -10.99235218  -0.16805338]
spikes [ 0.  0.  0.  0.  0.  0.  0.  0.  0.  0.]

> LAYER 1
[  0.74398219   1.45384232   1.98099954  -8.51083899   1.56283367
 -11.18900878 -48.41411203   0.04900994 -12.67456715 -31.27958102
 -30.29234969   1.84747875 -38.12164006  -1.66821966  -1.76094269]
spikes [ 0.  1.  1.  0.  1.  0.  0.  0.  0.  0.  0.  1.  0.  0.  0.]
> LAYER 2
[ -3.60025942  -8.91009556 -14.37938978   0.67840125  -6.60668064
   1.31562211   1.34486278 -10.73818182   0.59022444  -9.98225695
   0.31930136 -13.93246109  -3.80981987  -9.20320682 -14.35670159]
spikes [ 0.  0.  0.  0.  0.  1.  1.  0.  0.  0.  0.  0.  0.  0.  0.]
> LAYER 3
[ -2.00474283e+01  -1.48959611e+01   7.95665238e-01  -2.17782177e-01
  -1.68497150e+01  -1.26526643e+01  -4.16270253e+00   2.24569579e+00
  -1.12864020e+01  -3.01251095e-03]
spikes [ 0.  0.  0.  0.  0.  0.  0.  1.  0.  0.]

> LAYER 1
[  1.6381004    0.38197466   1.42513099  -8.74193114   0.87869969
 -11.56302467 -49.36016341  -0.29742812 -13.06374495 -31.92262522
 -31.01431021   0.77813355 -39.51288228  -1.64438758  -1.91076873]
spikes [ 1.  0.  1.  0.  0.  0.  0.  0.  0.  0.  0.  0.  0.  0.  0.]
> LAYER 2
[ -4.19985568e+00  -9.33611180e+00  -1.46285579e+01   1.09781369e+00
  -7.27440324e+00   5.18136563e-01  -1.28212636e-02  -1.11009070e+01
   7.21268239e-01  -1.04841100e+01  -4.11364175e-02  -1.45846900e+01
  -3.94819145e+00  -9.45657730e+00  -1.45704172e+01]
spikes [ 0.  0.  0.  1.  0.  0.  0.  0.  0.  0.  0.  0.  0.  0.  0.]
> LAYER 3
[-21.31819966 -15.49334495   0.60354911  -0.59684417 -17.33049042
 -13.32182819  -4.93028175   1.43699219 -11.24187412   0.14085943]
spikes [ 0.  0.  0.  0.  0.  0.  0.  1.  0.  0.]

> LAYER 1
[  0.71995987   0.91861131   1.75048782  -9.19284569   1.41144719
 -11.94672228 -50.71568025  -0.38296971 -13.69528335 -32.63669617
 -32.26381967   1.3535446  -40.75264476  -1.39401673  -1.81024599]
spikes [ 0.  0.  1.  0.  1.  0.  0.  0.  0.  0.  0.  1.  0.  0.  0.]
> LAYER 2
[ -3.84167184  -9.24963472 -14.89850746   0.04159156  -7.21954971
   1.32646799   0.77145939 -11.49178014   1.33447543 -10.69869123
   0.85523334 -15.07911549  -3.92139843  -9.23013248 -14.6831448 ]
spikes [ 0.  0.  0.  0.  0.  1.  0.  0.  1.  0.  0.  0.  0.  0.  0.]
> LAYER 3
[-21.96332119 -16.07894946   0.76495926  -0.73069445 -18.38666306
 -13.09313426  -4.57644018   1.47156367 -12.13026117  -0.2415429 ]
spikes [ 0.  0.  0.  0.  0.  0.  0.  1.  0.  0.]

> LAYER 1
[  0.68948007   1.5544228    2.30588838  -9.70515438   1.44500711
 -12.34549701 -51.92686995  -0.32071662 -14.30868849 -34.36054852
 -34.11944614   1.78961335 -41.85566236  -2.08096734  -1.59064987]
spikes [ 0.  1.  1.  0.  1.  0.  0.  0.  0.  0.  0.  1.  0.  0.  0.]
> LAYER 2
[ -4.31687771  -9.52416515 -15.13109064   0.18237934  -7.39009519
   0.97324043   0.36796398 -11.68367055   0.33808591 -10.83921685
   0.73763355 -15.43545931  -3.71653383 -10.3209571  -15.47238724]
spikes [ 0.  0.  0.  0.  0.  0.  0.  0.  0.  0.  0.  0.  0.  0.  0.]
> LAYER 3
[-21.86360972 -15.45228901   1.00473483  -0.68678469 -19.28966397
 -13.51502287  -5.16332196   1.30733827 -12.30831139  -0.15754104]
spikes [ 0.  0.  1.  0.  0.  0.  0.  1.  0.  0.]

> LAYER 1
[  1.21001926   0.94708293   1.41852114  -9.86297326   1.13707225
 -12.74045695 -53.66015925  -0.10881669 -14.56352601 -35.13933164
 -35.42800187   0.95833166 -43.24992491  -2.263871    -1.07841191]
spikes [ 1.  0.  1.  0.  1.  0.  0.  0.  0.  0.  0.  0.  0.  0.  0.]
> LAYER 2
[ -4.29565754  -9.49772509 -15.77769229   0.58598084  -7.96713148
   2.03933359   1.10414296 -12.18334403   0.35692139 -10.77775875
   0.86567583 -16.37067899  -3.99074056  -9.67197227 -15.99207601]
spikes [ 0.  0.  0.  0.  0.  1.  1.  0.  0.  0.  0.  0.  0.  0.  0.]
> LAYER 3
[-23.01697236 -16.27749003  -1.01442415  -0.87022831 -19.42762073
 -13.62668688  -5.52071479   1.36469995 -12.89199645   0.29696051]
spikes [ 0.  0.  0.  0.  0.  0.  0.  1.  0.  0.]

> LAYER 1
[  0.56296268   1.30822963   0.39755878 -10.29314065   0.66476836
 -13.13850311 -54.28979414  -0.5102089  -14.91599842 -36.62857802
 -36.67981419   2.19507838 -43.5194023   -2.55854842  -0.63314049]
spikes [ 0.  1.  0.  0.  0.  0.  0.  0.  0.  0.  0.  1.  0.  0.  0.]
> LAYER 2
[ -4.72518525  -9.84775719 -15.98153726   0.57025977  -7.91932089
   0.15612655  -0.28385188 -12.33079454   0.79686317 -11.09992188
   0.7646343  -16.02074084  -3.90157039 -10.62056073 -16.20893428]
spikes [ 0.  0.  0.  0.  0.  0.  0.  0.  0.  0.  0.  0.  0.  0.  0.]
> LAYER 3
[ -2.29007336e+01  -1.66350611e+01  -5.35960298e-01  -8.21401817e-01
  -1.98172988e+01  -1.40003633e+01  -5.30425131e+00   3.32834221e-01
  -1.29770268e+01   2.03409307e-02]
spikes [ 0.  0.  0.  0.  0.  0.  0.  0.  0.  0.]

> LAYER 1
[  1.05167647   0.38872295   1.67625949 -10.31413027   1.85109607
 -13.54655997 -55.97132564  -1.02055528 -15.50941222 -37.24228186
 -37.77089326   0.63276394 -45.30487775  -2.0316592   -0.24271427]
spikes [ 1.  0.  1.  0.  1.  0.  0.  0.  0.  0.  0.  0.  0.  0.  0.]
> LAYER 2
[ -4.35554232 -10.43356146 -16.59817091   1.08035088  -8.63614335
   1.33553586   0.45154184 -12.33345169   0.94907814 -11.17458107
   1.06677631 -17.34508962  -4.30827589 -10.47941505 -16.62472459]
spikes [ 0.  0.  0.  1.  0.  1.  0.  0.  0.  0.  1.  0.  0.  0.  0.]
> LAYER 3
[-24.33143097 -17.76836468  -0.37489277  -0.94880073 -20.57942913
 -14.59264195  -5.82140527   2.90032323 -14.0229138   -0.18779608]
spikes [ 0.  0.  0.  0.  0.  0.  0.  1.  0.  0.]

[  0.   0.   3.   0.   0.   0.   0.  29.   0.   1.]
[7]
1.0
